1,0,0,0,0,0,0,0,0,0,0,0,0,0,0,0,0
2,0.0,0.0,0.0,0.0,0.0,0.0,0.0,0.0,0.0,0.0,0.0,0.0,0.0,0.0,0.0,0.0
3,0.0,0.0,0.053976,0.0,0.0,0.0,0.0,0.750227,0.0,0.0,0.0,0.0,0.0,0.014228,0.0,0.0
4,0.018316,0.018316,0.466698,0.018316,0.789782,0.018316,0.018316,0.357458,0.018316,0.018316,0.018316,0.018316,0.018316,0.240447,0.018316,0.018316
5,0.0,0.0,0.656193,0.006567,4.9e-05,0.000517,0.0,0.327673,0.0,0.0,0.0,0.0,0.0,0.0,0.0,0.0
6,0.002479,0.002479,0.378067,0.222559,0.136409,0.172596,0.002479,0.675046,0.002479,0.002479,0.002479,0.002479,0.002479,0.032541,0.002479,0.002479
7,0.000912,0.000912,0.139083,0.081875,0.050182,0.063494,0.000912,0.453863,0.000912,0.000912,0.000912,0.000912,0.000912,0.011971,0.000912,0.000912
8,0.000335,0.000335,0.051166,0.03012,0.861617,0.023358,0.41074,0.166967,0.000335,0.000335,0.000335,0.000335,0.000335,0.527401,0.000335,0.000335
9,0.000123,0.000123,0.018823,0.011081,0.51526,0.008593,0.151103,0.061424,0.65135,0.000123,0.000123,0.000123,0.000123,0.828028,0.000123,0.000123
10,4.5e-05,4.5e-05,0.972224,0.004076,0.771619,0.003161,0.055588,0.022597,0.239618,4.5e-05,4.5e-05,4.5e-05,4.5e-05,0.304615,4.5e-05,4.5e-05
11,0.0,0.0,3.4e-05,0.0,3e-06,0.0,0.0,0.601872,0.0,0.0,0.0,0.0,0.0,0.0,0.0,0.0
12,6e-06,6e-06,0.131576,0.000552,0.104427,0.000428,0.007523,0.979659,0.454793,6e-06,6e-06,6e-06,6e-06,0.581577,6e-06,6e-06
13,0.0,0.0,0.0,0.0,0.0,0.0,0.0,0.01022,0.0,0.0,0.0,0.0,0.0,0.0,0.0,0.0
14,0.0,0.0,0.0,0.0,0.0,0.0,0.0,0.0,0.000202,0.0,0.0,0.005004,0.0,0.0,0.0,0.0
15,0.0,0.0,0.0,0.0,0.0,0.0,0.0,0.0,0.0,0.0,0.0,0.0,0.0,0.0,0.0,0.0
16,0.0,0.0,0.00942,0.0,0.0,0.0,0.0,0.129397,0.0,0.0,0.0,0.0,0.0,0.002483,0.0,0.0
17,0.0,0.0,8.6e-05,0.0,0.198269,0.0,0.0,6e-06,0.0,0.0,0.0,0.0,0.0,0.0,0.0,0.0
18,0.0,0.0,0.877363,0.517287,0.312918,0.398958,1.9e-05,0.768747,0.007822,0.0,0.0,0.010783,0.0,0.074286,0.0,0.0
19,0.0,0.0,0.322764,0.190299,0.115116,0.146769,7e-06,0.58989,0.002877,0.0,0.0,0.003967,0.0,0.027328,0.0,0.0
20,0.0,0.0,0.973956,0.070007,0.042349,0.053993,3e-06,0.747735,0.001059,0.0,0.0,0.001459,0.0,0.010054,0.0,0.0
21,0.0,0.0,3.5e-05,0.0,0.065891,0.0,0.0,2e-06,0.0,0.0,0.0,0.0,0.0,0.0,0.0,0.0
22,0.0,0.0,0.478651,0.448303,0.280277,0.007307,0.0,0.854642,0.000143,0.0,0.0,0.000198,0.0,0.001361,0.0,0.0
23,0.0,0.0,0.176086,0.164922,0.103108,0.002688,0.0,0.571176,5.3e-05,0.0,0.0,7.3e-05,0.0,0.000501,0.0,0.0
24,0.0,0.0,0.494948,0.060671,0.813503,0.000989,0.0,0.38173,1.9e-05,0.0,0.0,2.7e-05,0.0,0.000184,0.0,0.0
25,0.0,0.0,0.842578,0.788238,0.489403,0.637467,0.0,0.737402,7e-06,0.0,0.0,1e-05,0.0,6.8e-05,0.0,0.0
26,0.0,0.0,0.309967,0.711686,0.180041,0.95504,0.0,0.534815,3e-06,0.0,0.0,4e-06,0.0,2.5e-05,0.0,0.0
27,0.0,0.0,0.0,2e-06,0.0,2.9e-05,0.004717,0.0,0.554649,0.0,0.0,0.554649,0.0,0.0,0.0,0.021838
28,0.0,0.846336,0.041949,0.096316,0.024366,0.129251,0.215312,0.072379,0.543099,0.0,0.0,0.543099,0.0,0.846336,0.0,0.976303
29,0.0,0.31135,0.015432,0.035433,0.723422,0.047549,0.079209,0.026627,0.723422,0.0,0.0,0.199795,0.0,0.31135,0.0,0.833676
30,0.0,0.114539,0.005677,0.013035,0.438309,0.017492,0.029139,0.009795,0.695714,0.0,0.0,0.695714,0.0,0.114539,0.0,0.808041
31,0.0,0.731835,0.0,0.0,0.0,0.0,0.0,0.0,0.009541,0.0,0.0,0.009541,0.0,0.731835,0.0,0.040643
32,0.0,0.002942,0.0,0.013793,0.0,0.002942,0.484441,0.0,0.0,0.0,0.0,0.0,0.0,3.3e-05,0.484441,0.000144
33,0.0,0.0,0.0,1e-06,0.0,0.0,2.2e-05,0.0,0.18879,0.0,0.0,0.18879,0.0,0.0,2.2e-05,0.844509
34,0.0,0.075556,0.000104,0.088182,0.008028,0.075556,0.499238,0.000179,0.796503,0.0,0.0,0.796503,0.0,0.499238,0.125874,0.926277
35,0.0,0.777356,3.8e-05,0.911078,0.002953,0.027796,0.183659,6.6e-05,0.465336,0.0,0.0,0.465336,0.0,0.777356,0.046306,0.547328
36,0.0,4e-06,0.0,0.340929,0.062599,0.062599,0.0,0.0,0.0,0.0,0.0,0.0,0.0,4e-06,0.0,0.0
37,0.0,0.464028,5e-06,0.330348,0.790288,0.464028,0.024856,9e-06,0.790288,0.0,0.0,0.062976,0.0,0.105204,0.006267,0.951585
38,0.0,0.0,0.0,0.0,0.001278,0.0,0.905969,0.0,0.001278,0.0,0.0,0.0,0.0,0.0,0.0,0.905969
39,0.0,0.0,0.0,0.0,0.0,0.0,4.1e-05,0.0,0.428828,0.0,0.0,0.428828,0.0,0.0,0.0,0.021821
40,0.0,0.526741,0.0,0.016447,0.805768,0.023103,0.134005,0.0,0.805768,0.0,0.0,0.338013,0.0,0.526741,0.000312,0.926273
41,0.0,0.193777,0.0,0.006051,0.727624,0.008499,0.049298,0.0,0.727624,0.0,0.0,0.124348,0.0,0.193777,0.000115,0.850161
42,0.0,0.0,0.0,0.0,2e-06,0.0,0.0,0.0,0.016576,0.0,0.0,0.016576,0.0,0.0,0.0,0.071845
43,0.0,6.9e-05,0.0,0.0,0.467587,0.0,0.0,0.0,0.467587,0.0,0.0,1e-06,0.0,6.9e-05,0.0,0.022968
44,0.0,0.14109,0.0,0.000301,0.340951,0.000423,0.628609,0.0,0.340951,0.0,0.0,0.829885,0.0,0.14109,6e-06,0.397922
45,0.0,0.0,0.0,0.0,0.229019,0.0,0.0,0.0,0.0,0.0,0.0,7e-06,0.0,0.0,0.0,0.0
46,0.0,0.0,0.001595,0.0,1e-05,0.0,0.0,0.235115,0.0,0.0,0.0,0.0,0.0,0.0,0.0,0.0
47,0.0,0.0,0.000133,0.0,0.196245,0.0,0.0,1.1e-05,0.0,0.0,0.0,0.0,0.0,0.0,0.0,0.0
48,0.0,0.002584,0.849401,0.510019,0.312597,0.395524,0.011513,0.745531,0.006245,0.0,0.0,0.0152,0.0,0.002584,0.0,0.007288
49,0.0,0.000951,0.312477,0.187626,0.114998,0.145505,0.004236,0.554848,0.002297,0.0,0.0,0.005592,0.0,0.000951,0.0,0.002681
50,0.0,0.00035,0.114954,0.898945,0.042305,0.053528,0.001558,0.681792,0.000845,0.0,0.0,0.002057,0.0,0.00035,0.0,0.000986
51,0.0,0.000129,0.042289,0.330704,0.904075,0.019692,0.000573,0.250817,0.000311,0.0,0.0,0.000757,0.0,0.000129,0.0,0.000363
52,0.0,4.7e-05,0.688828,0.121659,0.649774,0.007244,0.000211,0.09227,0.000114,0.0,0.0,0.000278,0.0,4.7e-05,0.0,0.000133
53,0.0,0.0,0.019783,0.0,1e-06,0.0,0.0,0.00154,0.0,0.0,0.0,0.0,0.0,0.0,0.0,0.0
54,0.0,0.001452,1e-06,0.017693,0.0,0.227315,0.0,0.857289,0.0,0.0,0.0,0.0,0.0,0.0,0.0,0.0
55,0.0,0.0,0.000137,0.294791,0.0,1e-05,0.0,0.021705,0.0,0.0,0.0,0.0,0.0,0.0,0.0,0.0
56,0.0,0.0,0.0,1.3e-05,0.0,0.000233,0.726265,0.004413,0.0,0.0,0.0,0.726265,0.0,0.0,0.0,0.0
57,0.0,0.0,0.0,0.0,0.0,0.0,3.3e-05,0.0,0.343771,0.0,0.0,0.343771,0.0,0.0,0.0,0.017493
58,0.0,0.515224,0.020459,0.044062,0.78931,0.058634,0.131075,0.078684,0.78931,0.0,0.0,0.330623,0.0,0.515224,0.0,0.908691
59,0.0,0.18954,0.007526,0.01621,0.72486,0.02157,0.04822,0.028946,0.72486,0.0,0.0,0.121629,0.0,0.18954,0.0,0.846932
60,0.0,0.069728,0.002769,0.005963,0.266661,0.007935,0.017739,0.010649,0.661142,0.0,0.0,0.661142,0.0,0.069728,0.0,0.765572
61,0.0,0.45012,0.0,0.0,0.0,0.45012,0.0,0.0,6.6e-05,0.0,0.0,6.6e-05,0.0,0.005084,0.0,0.02211
62,0.0,2e-05,0.0,9.6e-05,0.0,2e-05,0.003365,0.0,0.317391,0.0,0.0,0.317391,0.0,0.0,0.003365,0.015582
63,0.0,0.124952,0.000138,0.145831,0.013276,0.124952,0.821508,0.00053,0.512398,0.0,0.0,0.512398,0.0,0.821508,0.208165,0.958134
64,0.0,0.0,0.0,0.0,0.0,0.0,6e-06,0.0,0.060353,0.0,0.0,0.060353,0.0,6e-06,0.0,0.300926
65,0.0,0.460017,1.9e-05,0.864792,0.737397,0.737397,0.111179,7.2e-05,0.277828,0.0,0.0,0.277828,0.0,0.460017,0.028172,0.326251
66,0.0,0.73556,7e-06,0.523656,0.442015,0.73556,0.0409,2.6e-05,0.102207,0.0,0.0,0.102207,0.0,0.169231,0.010364,0.874957
67,0.0,2e-06,0.0,0.0,0.128024,2e-06,0.0,0.0,0.128024,0.0,0.0,0.0,0.0,0.0,0.0,0.884113
68,0.0,0.0,0.0,0.0,6e-06,0.0,0.0,0.0,6e-06,0.0,0.0,0.0,0.0,0.0,0.0,4e-05
69,0.0,0.0,0.0,0.001282,0.0,0.001282,0.0,0.0,0.0,0.0,0.0,0.0,0.0,0.0,0.0,0.0
70,0.0,0.0,0.003202,0.0,0.0,0.003202,0.0,0.0,0.003202,0.0,0.0,0.0,0.0,0.0,0.0,0.0
71,0.0,0.0,0.0,0.0,0.0,0.0,0.0,0.0,0.0,0.0,0.0,0.0,0.0,0.0,0.0,0.0
72,0.0,0.0,0.0,0.0,0.0,0.0,0.0,0.0,0.0,0.0,0.0,0.0,0.0,0.025814,0.0,0.025814
73,0.0,0.0,0.0,0.211322,0.211322,0.0,0.0,0.0,0.211322,0.0,0.0,0.0,0.0,1e-06,0.0,1e-06
74,0.0,0.0,0.0,1e-05,1e-05,0.0,0.0,0.0,1e-05,0.0,0.0,0.0,0.0,0.0,0.0,0.0
75,0.0,0.0,0.0,0.0,0.0,0.0,0.0,0.0,0.0,0.0,0.0,0.0,0.0,0.00017,0.00017,0.0
76,0.0,0.0,0.0,0.0,0.0,0.0,0.0,0.0,0.0,0.0,0.0,0.0,0.0,0.0,0.0,0.0
77,0.0,1.2e-05,0.000513,0.015679,0.015679,0.000513,1e-06,0.0,0.015679,0.0,0.0,2e-06,0.0,0.056827,0.734365,0.004674
78,0.0,5e-06,0.000189,0.005768,0.005768,0.000189,0.0,0.0,0.005768,0.0,0.0,1e-06,0.0,0.020905,0.270158,0.00172
79,0.0,2e-06,6.9e-05,0.002122,0.002122,6.9e-05,0.0,0.0,0.002122,0.0,0.0,0.755842,0.0,0.007691,0.099386,0.000633
80,0.0,0.0,0.011233,0.592135,0.000689,0.0,0.0,0.159764,0.0,0.0,0.0,3e-06,0.0,0.0,0.0,0.0
81,0.0,5.2e-05,0.300824,2.7e-05,0.0,0.0,0.0,0.020408,0.0,0.0,0.0,0.0,0.0,0.0,0.0,0.0
82,0.0,0.13712,0.32624,0.128426,0.065352,0.451395,0.0,0.249279,0.000106,0.0,0.0,0.037631,0.0,0.000383,0.004948,3.1e-05
83,0.0,0.050444,0.120017,0.047245,0.024042,0.166059,0.0,0.822603,3.9e-05,0.0,0.0,0.013844,0.0,0.000141,0.00182,1.2e-05
84,0.0,0.018557,0.044152,0.017381,0.008844,0.06109,0.0,0.573976,1.4e-05,0.0,0.0,0.005093,0.0,5.2e-05,0.00067,4e-06
85,0.0,0.006827,0.016243,0.006394,0.978315,0.022474,0.401165,0.211154,5e-06,0.0,0.0,0.001874,0.0,0.545853,0.000246,2e-06
86,0.0,0.0,0.0,0.0,0.011549,0.0,0.0,0.0,0.203461,0.0,0.0,0.0,0.0,0.0,0.0,0.0
87,0.0,0.000924,0.002198,0.000865,0.995447,0.003041,0.054292,0.028577,0.313728,0.0,0.0,0.000254,0.0,0.42196,3.3e-05,0.0
88,0.0,0.00034,0.000809,0.000318,0.490721,0.001119,0.019973,0.010513,0.661869,0.0,0.0,9.3e-05,0.0,0.909044,1.2e-05,0.0
89,0.0,0.000125,0.000297,0.000117,0.869627,0.000412,0.007348,0.003867,0.243488,0.0,0.0,3.4e-05,0.0,0.334419,5e-06,0.0
90,0.0,4.6e-05,0.000109,4.3e-05,0.450367,0.000151,0.002703,0.001423,0.628026,0.0,0.0,1.3e-05,0.0,0.885851,2e-06,0.0
91,0.0,1.7e-05,4e-05,1.6e-05,0.949154,5.6e-05,0.000994,0.000523,0.231038,0.0,0.0,5e-06,0.0,0.325886,1e-06,0.0
92,0.0,0.0,0.0,0.0,2.7e-05,0.0,0.001088,0.0,0.0,0.0,0.0,0.0,0.0,0.001088,0.001088,0.0
